Adsorbate	Total energy	ZPE	combined
C2H4_vdW	-378199.1339	1.4	-378197.7339
*CCH2	-378166.1135	0.823	-378165.2905
C2H6_vdW	-378233.6055	2.04	-378231.5655
*CHCH3	-378199.6075	1.413	-378198.1945
*CH2CH3	-378216.6618	1.745	-378214.9168
*CHCH2	-378182.2682	1.105	-378181.1632
CH3OH_vdW	-378519.3864	1.437	-378517.9494
*OCH3	-378501.8015	1.102	-378500.6995
H*COH	-378485.7562	0.8	-378484.9562
*CCH3	-378183.4715	1.114	-378182.3575
CH3CHCH2_vdW	-378491.6152	2.209	-378489.4062
CH3CH2CH3_vdW	-378525.5636	2.819	-378522.7446
CH3*CHCH3	-378508.5996	2.507	-378506.0926
CH2CO_vdW	-378743.7397	0.896	-378742.8437
CH3OCH3_vdW	-378810.9648	2.17	-378808.7948
H2CO2H2_vdW	-379097.3413	1.535	-379095.8063
CH3CH2OH_vdW	-378811.0778	2.164	-378808.9138
H2*COH	-378502.6447	1.12	-378501.5247
HCOOH_vdW	-379064.0108	0.903	-379063.1078
OCO2H2_vdW	-379642.304	1.026	-379641.278
CH2*CCH3	-378474.8764	1.875	-378473.0014
CH2CCH2_vdW	-378456.4428	1.51	-378454.9328
CH3CHO_vdW	-378777.5923	1.517	-378776.0753
CH3*CO	-378761.5211	1.241	-378760.2801
