Adsorbate	Total energy	ZPE	combined
^*C^*C	-378130.499	0.193	-378130.306
^*CH^*CH	-378165.8686	0.816	-378165.0526
^*CH_2^*CH_2	-378199.8902	1.446	-378198.4442
^*CH_2^*CH	-378182.7683	1.126	-378181.6423
^*CH^*C	-378147.9977	0.489	-378147.5087
H^*C^*O	-378468.9421	0.458	-378468.4841
^*CCHCH_2	-378441.1085	1.273	-378439.8355
^*CHCH^*CH_2	-378457.7134	1.579	-378456.1344
^*CH^*CHCH_3	-378474.7762	1.856	-378472.9202
^*CH_2CH_2CH_3	-378508.548	2.501	-378506.047
^*CH_2^*CH^*CH_2	-378474.9571	1.898	-378473.0591
^*CHCO	-378727.5303	0.633	-378726.8973
H_2C^*O_2CH_3	-379371.6842	1.98	-379369.7042
H_2C^*O^*O	-379062.5576	0.897	-379061.6606
^*OCH_2CH_3	-378793.916	1.856	-378792.06
HCOO^*	-379046.714	0.602	-379046.112
HCO_2CH_3^{phys}	-379355.6342	1.684	-379353.9502
OC^*O^*O	-379607.9112	0.415	-379607.4962
HC^*O_3	-379625.7837	0.763	-379625.0207
^*CCCH_2	-378423.1978	0.914	-378422.2838
^*C^*CCH_2	-378423.0458	0.953	-378422.0928
^*CCH_2CH_3	-378475.404	1.887	-378473.517
^*CCH_2OH	-378760.9593	1.24	-378759.7193
^*CCHO	-378727.2154	0.616	-378726.5994
^*CCO	-378710.3455	0.359	-378709.9865
CH_3CH_2^*CO	-379053.2013	2.005	-379051.1963
^*CHCCH_2	-378440.0895	1.226	-378438.8635
^*CHCH_2CH_3	-378491.3631	2.171	-378489.1921
CH_3^*CH^*CH_2	-378491.9457	2.206	-378489.7397
CH_3OCH_2OH^{phys}	-379389.0481	2.299	-379386.7491
^*OCH_2OH	-379079.8667	1.224	-379078.6427
