Adsorbate	Total energy	ZPE	combined
^*OCH_3	-378501.8015	1.102	-378500.6995
^*C^*C	-378130.499	0.193	-378130.306
^*CCH_2	-378164.7615	0.777	-378163.9845
^*CCH_3	-378183.4715	1.114	-378182.3575
^*CH^*CH	-378165.8686	0.816	-378165.0526
^*CH_2^*CH_2	-378199.8902	1.446	-378198.4442
^*COH	-378469.4861	0.498	-378468.9881
^*CH_2^*CH	-378182.7683	1.126	-378181.6423
^*CH_2CH_3	-378216.6618	1.745	-378214.9168
H_2^*COH	-378502.6447	1.12	-378501.5247
^*CH^*C	-378147.9977	0.489	-378147.5087
^*CHCH_3	-378199.6075	1.413	-378198.1945
H^*CO	-378469.269	0.487	-378468.782
H^*C^*O	-378468.9421	0.458	-378468.4841
H^*COH	-378485.7562	0.8	-378484.9562
H_2^*C^*O	-378485.2957	0.775	-378484.5207
^*CCHCH_2	-378441.1085	1.273	-378439.8355
^*CHCH^*CH_2	-378457.7134	1.579	-378456.1344
^*CH^*CHCH_3	-378474.7762	1.856	-378472.9202
^*CH_2CH_2CH_3	-378508.548	2.501	-378506.047
CH_2^*CCH_3	-378474.8764	1.875	-378473.0014
CH_3^*CHCH_3	-378508.5996	2.507	-378506.0926
^*CH_2^*CH^*CH_2	-378474.9571	1.898	-378473.0591
^*COOH	-379047.769	0.622	-379047.147
CH_3^*CO	-378761.5211	1.241	-378760.2801
^*CHCO	-378727.5303	0.633	-378726.8973
H_2C^*O_2CH_3	-379371.6842	1.98	-379369.7042
H_2C^*O^*O	-379062.5576	0.897	-379061.6606
^*OCH_2CH_3	-378793.916	1.856	-378792.06
CO_2^*	-379031.1564	0.34	-379030.8164
HCOO^*	-379046.714	0.602	-379046.112
CH_2CO^*	-378743.7397	0.896	-378742.8437
CH_3CHCH_2^*	-378491.6152	2.209	-378489.4062
CH_3CH_2CH_3^*	-378525.5636	2.819	-378522.7446
HCOOH^*	-379064.0108	0.903	-379063.1078
HCO_2CH_3^*	-379355.6342	1.684	-379353.9502
OC^*O^*O	-379607.9112	0.415	-379607.4962
HC^*O_3	-379625.7837	0.763	-379625.0207
^*CCCH_2	-378423.1978	0.914	-378422.2838
^*C^*CCH_2	-378423.0458	0.953	-378422.0928
^*CCH_2CH_3	-378475.404	1.887	-378473.517
^*CCH_2OH	-378760.9593	1.24	-378759.7193
^*CCHO	-378727.2154	0.616	-378726.5994
^*CCO	-378710.3455	0.359	-378709.9865
CH_3CH_2^*CO	-379053.2013	2.005	-379051.1963
CH_3CH_2OH^*	-378811.0778	2.164	-378808.9138
CH_3^*CHOH	-378794.7166	1.855	-378792.8616
CH_3^*COH	-378778.0597	1.54	-378776.5197
^*CHCCH_2	-378440.0895	1.226	-378438.8635
^*CHCH_2CH_3	-378491.3631	2.171	-378489.1921
CH_3^*CCH_3	-378491.5098	2.146	-378489.3638
CH_3CHO^*	-378777.5923	1.517	-378776.0753
CH_2CCH_2^*	-378456.4428	1.51	-378454.9328
^*CHCH_2	-378182.2682	1.105	-378181.1632
CH_3^*CH^*CH_2	-378491.9457	2.206	-378489.7397
CH_3OCH_3^*	-378810.9648	2.17	-378808.7948
H_2CO_2H_2^*	-379097.3413	1.535	-379095.8063
OCO_2H_2^*	-379642.304	1.026	-379641.278
CH_3OCH_2OH^*	-379389.0481	2.299	-379386.7491
^*OCH_2OH	-379079.8667	1.224	-379078.6427
^*CH=^*CH	-378165.8686	0.816	-378165.0526
^*C-^*CH	-378147.9977	0.489	-378147.5087
^*C-^*C	-378130.499	0.193	-378130.306
^*C^*CH_2	-378166.1135	0.823	-378165.2905
